26 20
0 0
9 9 9 9 9 9 9 9 9 9 9 9 9 9 9 9 9 9 9 9 9 9 9 9 9 9
9 9 9 9 9 9 9 9 9 9 9 9 9 9 9 9 9 9 9 9 9 9 9 9 9 9
9 9 9 9 10 10 10 10 10 10 10 10 10 10 10 10 10 10 10 10 10 10 10 9 9 9
9 9 10 9 9 10 10 10 10 10 10 10 10 10 10 10 10 10 10 10 10 10 10 10 9 9
9 9 10 10 9 9 10 10 10 10 10 10 10 10 10 10 10 10 10 10 10 10 10 10 9 9
9 9 10 10 10 9 9 10 10 10 10 10 10 10 10 10 10 10 10 10 10 10 10 9 9 9
9 9 10 10 10 10 9 9 10 10 10 10 10 10 10 10 10 10 10 10 10 10 9 9 9 9
9 9 9 10 10 10 10 9 9 10 10 10 10 10 10 10 10 10 10 10 9 9 9 9 9 9
9 9 9 10 10 10 10 10 10 10 10 10 10 10 10 10 10 10 10 10 10 9 9 9 9 9
9 9 9 10 10 10 10 10 10 10 10 10 10 10 10 10 10 5 10 10 10 10 9 9 9 9
9 9 9 10 10 10 10 10 10 10 10 10 10 10 10 10 10 10 10 10 10 10 9 9 9 9
9 9 9 10 10 10 10 10 10 10 10 10 10 10 10 10 10 10 10 10 10 9 9 9 9 9
9 9 10 10 10 10 10 9 9 10 10 10 10 10 10 10 10 10 10 10 9  9 9 9 9 9
9 9 10 10 10 10 9 9 10 10 10 10 10 10 10 10 10 10 10 10 10 10 9 9 9 9
9 9 10 10 10 9 9 10 10 10 10 10 10 10 10 10 10 10 10 10 10 10 10 9 9 9
9 9 10 10 9 9 10 10 10 10 10 10 10 10 10 10 10 10 10 10 10 10 10 10 9 9
9 9 10 9 9 10 10 10 10 10 10 10 10 10 10 10 10 10 10 10 10 10 10 10 9 9
9 9 9 9 10 10 10 10 10 10 10 10 10 10 10 10 10 10 10 10 10 10 10 9 9 9
9 9 9 9 9 9 9 9 9 9 9 9 9 9 9 9 9 9 9 9 9 9 9 9 9 9
9 9 9 9 9 9 9 9 9 9 9 9 9 9 9 9 9 9 9 9 9 9 9 9 9 9