26 20
0 0
3 3 3 3 3 3 3 3 3 3 3 3 3 3 3 3 3 3 3 3 3 3 3 3 3 3
3 3 3 3 3 3 3 7 7 7 7 7 7 7 7 7 7 7 7 7 7 7 7 7 7 3
3 3 3 3 3 3 3 7 4 4 4 4 4 4 4 4 4 4 4 4 4 4 4 4 7 3
3 3 3 3 3 7 7 7 4 4 4 4 4 4 4 4 4 4 4 4 4 4 4 4 7 3
3 3 3 3 3 7 4 4 4 4 4 4 4 4 4 4 4 4 4 4 4 4 4 4 7 3
3 3 3 3 3 7 4 4 4 4 4 4 4 4 4 4 4 4 4 4 4 4 4 4 7 3
3 7 7 7 7 7 4 4 4 4 4 3 3 3 3 3 3 4 4 4 4 4 4 4 7 3
3 7 4 4 4 4 4 4 4 4 4 4 4 4 4 4 4 4 4 4 4 4 4 4 7 3
3 7 4 4 4 4 4 4 4 4 3 4 4 4 4 4 4 4 4 4 4 4 4 4 7 3
3 7 4 5 4 4 4 4 4 4 4 4 4 4 4 4 4 4 4 4 4 4 4 4 7 3
3 7 4 4 4 4 4 4 4 4 4 4 4 4 4 4 4 4 4 4 4 4 4 4 7 3
3 7 4 4 4 4 4 4 4 4 3 4 4 4 4 4 4 4 4 4 4 4 4 4 7 3
3 7 4 4 4 4 4 4 4 4 4 4 4 4 4 4 4 4 4 4 4 4 4 4 7 3
3 7 7 7 7 7 4 4 4 4 4 3 3 3 3 3 3 4 4 4 4 4 4 4 7 3
3 3 3 3 3 7 4 4 4 4 4 4 4 4 4 4 4 4 4 4 4 4 4 4 7 3
3 3 3 3 3 7 4 4 4 4 4 4 4 4 4 4 4 4 4 4 4 4 4 4 7 3
3 3 3 3 3 7 7 7 4 4 4 4 4 4 4 4 4 4 4 4 4 4 4 4 7 3
3 3 3 3 3 3 3 7 4 4 4 4 4 4 4 4 4 4 4 4 4 4 4 4 7 3
3 3 3 3 3 3 3 7 7 7 7 7 7 7 7 7 7 7 7 7 7 7 7 7 7 3
3 3 3 3 3 3 3 3 3 3 3 3 3 3 3 3 3 3 3 3 3 3 3 3 3 3 